Total number of sentences: 8
Embedding dimension: 384

--- Embeddings ---

Sentence: I love learning Python.
Embedding: [-5.58323637e-02 -1.08818337e-02  8.60655215e-03  2.15609241e-02
 -1.42462028e-03 -1.41206846e-01 -1.69238560e-02  4.29150425e-02
  2.50419043e-03  3.49736027e-02 -3.56323905e-02  6.08570240e-02
  3.20204347e-02  5.80958650e-02  5.22637479e-02 -4.41960730e-02
 -7.50758648e-02 -6.38760207e-03  1.82032008e-02 -9.84120443e-02
 -7.18647614e-02  4.89509739e-02  3.94302607e-02 -5.59562352e-03
  2.97747198e-02 -9.81660932e-03 -1.11933518e-02  4.05381061e-03
 -2.41503562e-03 -8.19846317e-02 -6.01959229e-02  8.87958184e-02
  8.80453270e-03  4.62523079e-04  6.67155208e-03  1.73800364e-02
  5.40690571e-02 -4.85216342e-02 -2.41692513e-02  6.18393496e-02
 -1.53737301e-02  5.55177219e-02 -2.39006127e-03 -6.60009533e-02
 -3.93871069e-02 -2.66366173e-03 -6.28579482e-02 -3.26259695e-02
  1.13687627e-01  1.66995376e-02 -2.64313016e-02  1.05664153e-02
 -8.85020718e-02 -1.64832398e-02  1.69080533e-02 -1.65858977e-02
  7.56864250e-02 -3.25629450e-02  1.35566099e-02 -1.40482157e-01
 -6.59960136e-02  3.18884067e-02 -3.17861959e-02  7.34286234e-02
 -5.83813875e-04 -1.06232721e-04  1.33648235e-03  3.62957530e-02
  3.82210985e-02 -2.07686573e-02 -1.14763625e-01  4.25853059e-02
  3.12517397e-02  7.58021548e-02  1.04255557e-01 -7.44885504e-02
  2.60008946e-02 -4.23282906e-02  2.63344147e-03 -4.04704409e-03
  2.38295998e-02 -4.22070809e-02 -3.92660499e-03  6.91718608e-02
  5.13414443e-02 -1.28313497e-01  2.44032852e-02  9.86033306e-02
 -4.03630221e-03 -2.55717747e-02  6.87333643e-02 -4.83012795e-02
  6.43160369e-04  1.27161909e-02 -5.47292642e-02  7.89341107e-02
  3.87674123e-02 -2.41191573e-02 -7.02052861e-02  6.27111569e-02
  7.33288983e-03 -1.06922507e-01  1.07525745e-02  4.46613953e-02
  1.22396173e-02  2.77902018e-02  4.10252735e-02 -1.88744199e-02
  9.36875492e-02 -5.52350022e-02 -2.57323543e-03 -4.58471067e-02
 -1.60850026e-02 -3.61731276e-02  7.44764879e-02  7.50020817e-02
  3.11470241e-03  4.90798540e-02  3.86174321e-02  4.08747531e-02
  3.76277901e-02  7.65418559e-02 -2.12266315e-02 -1.09464396e-02
 -1.15177585e-02 -6.94579482e-02 -7.03531411e-03 -5.34820836e-33
 -5.61761558e-02 -2.03509238e-02  4.29434069e-02  3.84036899e-02
  4.34814394e-02  2.41055712e-03  6.40155002e-02  1.97435077e-02
 -7.98698440e-02  1.34975594e-02  1.01976721e-02  1.04802899e-01
 -1.72842965e-02  4.72419113e-02  9.75261442e-03 -4.87308912e-02
 -2.50268187e-02  9.40957665e-02  2.11217403e-02  1.38850114e-03
  5.60751520e-02 -5.87032596e-03  4.07786220e-02  6.36651218e-02
 -6.38526725e-03 -4.47852947e-02  4.32286877e-03 -4.60325219e-02
  6.01489246e-02  3.91875729e-02 -8.92824754e-02 -7.14279758e-03
 -7.65163302e-02  3.78970541e-02 -2.40775105e-02 -5.79636842e-02
 -3.23129594e-02 -7.25627542e-02  3.21303643e-02 -3.55495922e-02
 -3.68734747e-02  3.09697259e-02  2.64525488e-02 -2.74246670e-02
 -1.54139055e-03  4.18489352e-02  1.03809042e-02  2.92721055e-02
 -9.39338841e-03  3.47391306e-03 -3.03739272e-02 -7.04627261e-02
  3.59806381e-02  6.99865967e-02 -2.13560313e-02  4.44455594e-02
  6.27643019e-02  1.13407522e-02  4.48102178e-03 -8.34624693e-02
  1.57448333e-02  4.96808812e-02  5.88341765e-02  1.05682237e-03
  6.11136248e-03  9.08017009e-02  3.61322500e-02  1.07355379e-01
  2.88363546e-02  3.43216956e-02 -9.38473642e-02  4.62520495e-02
 -4.69993614e-02 -3.04627679e-02 -3.35287042e-02 -3.94446626e-02
  5.86607940e-02 -8.70750770e-02 -4.02368372e-03  1.85457133e-02
 -1.02278329e-02 -4.98544760e-02  1.58789176e-02 -6.44533858e-02
  2.49902010e-02 -2.42014211e-02  5.73572852e-02 -5.63044287e-02
  1.00635234e-02 -3.81066538e-02 -2.20112875e-02 -9.01512802e-02
  6.68873405e-03  1.84967462e-02 -7.30207115e-02  4.58782809e-33
  8.15689377e-03 -3.79154761e-03 -9.72465426e-03  5.28743528e-02
 -8.25311542e-02 -6.72119111e-02  2.14000084e-02  4.04704250e-02
  2.60428395e-02  1.46754393e-02 -7.68790022e-03 -4.32066843e-02
  2.87638884e-02  3.65968309e-02  3.72108966e-02  1.59257613e-02
 -5.55705354e-02  2.16986872e-02 -3.12424060e-02 -1.30246747e-02
 -1.09167181e-01  4.13676724e-02 -6.70139045e-02 -1.88548900e-02
 -3.09351180e-02 -4.03939672e-02 -3.75310145e-02 -3.81064713e-02
  1.65244360e-02  7.68178031e-02  4.66157962e-03  5.33844195e-02
 -8.13618824e-02 -2.53540706e-02  2.11224728e-03  3.41201276e-02
  4.33229916e-02 -1.95298381e-02  2.93912785e-03 -4.06076238e-02
  8.65293220e-02  6.93843514e-02  6.39787391e-02  5.22657372e-02
  3.16581614e-02  2.16301102e-02  2.67409105e-02  5.04190624e-02
 -3.42461234e-03 -3.07225715e-02 -1.90867875e-02  2.14464944e-02
  5.35880700e-02 -1.07182272e-01 -4.03751321e-02 -2.50648819e-02
  7.25345165e-02  1.40754841e-02 -7.64628425e-02 -5.66651821e-02
 -1.14223495e-01 -2.90094339e-03 -6.28968468e-03  7.36678988e-02
 -4.60116379e-02  1.21104391e-02 -1.21096537e-01 -2.86912881e-02
 -7.38857463e-02 -1.06229305e-01  7.28061274e-02 -1.03638181e-02
 -1.66752823e-02 -3.34035419e-02 -5.10626733e-02  9.00421105e-03
 -3.55095267e-02  3.64977419e-02 -1.03097081e-01  6.73428997e-02
  6.42627627e-02 -1.74702965e-02 -2.76968088e-02  7.84861967e-02
 -9.51922536e-02  5.91274574e-02  2.09889989e-02  6.21109381e-02
  1.16738183e-02 -2.95809116e-02 -4.05798480e-03  6.50689304e-02
  3.97462994e-02 -1.72773786e-02  3.67147923e-02 -1.31117055e-08
 -6.69302493e-02  3.43668982e-02  1.27301484e-01 -2.15431061e-02
 -9.80961230e-03  8.50775167e-02  7.66653568e-03  1.80709257e-03
 -6.19650967e-02  3.89843024e-02  5.82655780e-02 -3.33660580e-02
 -5.54065481e-02 -2.93993726e-02  5.18110432e-02  1.25187904e-01
  9.54230204e-02 -3.51787657e-02  1.84669867e-02  3.80453728e-02
  3.44219021e-02 -1.18359197e-02  1.58473626e-02  5.42997681e-02
 -1.21824943e-01 -1.47428596e-02  4.06592302e-02  1.13369944e-02
  4.52797301e-02 -4.64668609e-02 -1.11278929e-02 -2.77622025e-02
 -4.30112816e-02  1.38115967e-02  7.30930045e-02 -9.87071428e-04
 -1.51485363e-02 -7.05835596e-02  2.45090611e-02 -5.96199650e-03
 -4.08868939e-02  4.30221334e-02  1.51366927e-02 -6.28233775e-02
 -2.61853728e-02  6.14157952e-02  2.38234438e-02 -7.11706877e-02
  1.79925095e-02  3.00018601e-02  1.19882058e-02 -6.02018787e-03
  8.27843510e-03 -5.26934536e-03  1.26809582e-01  2.59788744e-02
 -9.63249207e-02  4.45680023e-04 -1.51751249e-03  6.86077327e-02
  3.89267243e-02  1.60019651e-01  9.62638184e-02  1.46350975e-03]

Sentence: Python programming is interesting to me.
Embedding: [-1.00069799e-01  1.45111256e-03 -2.62159165e-02  3.51526290e-02
 -1.14343176e-02 -1.68114096e-01 -1.86800293e-03  3.26879062e-02
 -3.72868441e-02  2.62915883e-02 -3.17656957e-02  8.68487880e-02
  4.79663461e-02  4.35751714e-02  3.71361822e-02 -2.64797565e-02
 -6.31708205e-02  6.35506958e-03 -3.52892582e-03 -1.49897844e-01
 -6.94087967e-02  1.81612093e-02 -2.10425002e-03 -1.18023753e-02
  4.19858135e-02 -4.82263538e-04  3.15669514e-02 -3.44038084e-02
  2.77652610e-02 -5.74952699e-02 -8.61392170e-02  1.23171628e-01
  2.64609363e-02 -8.46196024e-04 -2.66718213e-03  4.98969369e-02
  2.31435448e-02 -2.28391103e-02 -4.60625216e-02  7.84334261e-03
 -5.79061918e-02  3.65323983e-02  3.05157993e-02 -4.65668067e-02
 -1.44167133e-02 -1.29089057e-02 -7.34737515e-02 -4.30891989e-03
  4.98794243e-02 -2.75946036e-02 -1.02548718e-01 -4.12476435e-02
 -6.70572594e-02 -4.07723188e-02  2.48998925e-02 -3.86937223e-02
  7.48395622e-02 -1.52437389e-02  2.26658434e-02 -1.09628826e-01
 -4.55119945e-02  3.65445167e-02 -3.08429822e-02  5.58850802e-02
  2.30519138e-02 -3.00459247e-02 -2.77974061e-03  6.14086539e-02
  5.28955795e-02 -7.33054653e-02 -1.20107882e-01  3.61184925e-02
 -4.21121716e-02  1.35648042e-01  9.10916999e-02 -7.06280619e-02
  4.18971740e-02 -3.07389088e-02 -2.76382789e-02  2.01737229e-02
  3.49144116e-02 -6.81653321e-02 -1.25918845e-02  5.48683405e-02
  5.47822453e-02 -9.23835039e-02  1.61258765e-02  1.31318167e-01
  4.18729112e-02  3.09574120e-02  1.41472938e-02 -6.36060908e-02
  5.84558211e-02 -1.51307555e-02 -3.13121863e-02  9.57686529e-02
  5.15817478e-02 -1.21443048e-02 -4.43091914e-02  4.06740457e-02
 -1.06987813e-02 -6.26799688e-02  7.77005078e-03  5.43674221e-03
  6.12642318e-02  1.79500394e-02  9.47606564e-02 -4.39915769e-02
  9.24821422e-02 -4.71289158e-02 -3.26834135e-02 -1.70837715e-02
 -1.29653281e-02 -2.25867163e-02  2.52738502e-02  5.67131899e-02
  4.72801104e-02  6.27529249e-02 -8.93231109e-03  3.95765640e-02
  2.27910411e-02  3.10654473e-02 -4.79695797e-02 -1.50003482e-03
  8.11168458e-03 -4.00857721e-03 -8.98948591e-03 -5.75196312e-33
 -6.34036511e-02 -4.82679866e-02 -1.46159846e-02  6.36471584e-02
  7.55789652e-02 -4.57180589e-02  6.34676218e-02  2.41013616e-02
 -4.55225967e-02  2.18542460e-02  4.36198972e-02  9.35883150e-02
  2.69163027e-02  6.62318841e-02  3.85638364e-02 -8.19255039e-02
 -4.58836369e-02  7.14874491e-02  4.81879804e-03 -2.83330493e-02
  5.26621491e-02  3.11677624e-02  6.01995476e-02  2.73421369e-02
  4.20654342e-02 -2.21819081e-03 -6.23269984e-03 -9.46454555e-02
  9.60176736e-02  1.47283077e-02 -7.10092410e-02  1.33528654e-02
 -6.43362850e-02  8.85433704e-03 -4.21245024e-02  7.83884153e-03
 -8.47838167e-03 -1.15668014e-01  7.17858523e-02 -8.81277397e-03
 -2.84596998e-02 -1.53799052e-03  3.60404514e-02 -3.46348770e-02
 -4.20160871e-03 -4.76038270e-03  7.29032746e-03  2.09460617e-03
 -8.08896944e-02 -2.19799206e-02 -3.82982679e-02 -2.05854122e-02
  5.61664179e-02  2.74123568e-02  3.11962940e-04  1.76458322e-02
  4.94413748e-02 -1.97701510e-02 -5.05621359e-03  2.21325643e-03
 -1.61096156e-02  6.72085732e-02  4.26409468e-02 -1.07424343e-02
 -2.27014683e-02  8.67715627e-02  5.84376380e-02  5.27592450e-02
  4.67494987e-02  8.61411244e-02 -5.99508174e-02  4.41285968e-02
 -5.17109372e-02 -4.18541431e-02 -3.40374969e-02  7.23259291e-03
  4.63560522e-02 -9.66970772e-02 -1.30807254e-02  2.86115203e-02
  2.81238742e-02 -2.93254238e-02  1.44986509e-04 -5.40998988e-02
  3.17044146e-02 -2.39276197e-02  3.00354511e-02 -4.72820923e-02
 -3.76702994e-02 -5.79063073e-02 -3.54364328e-02 -7.29959458e-02
  1.20656388e-02 -1.19462516e-03 -8.81793816e-03  3.34332781e-33
 -5.45681976e-02 -3.86109836e-02 -3.50488126e-02  3.86046097e-02
 -4.98197600e-02 -7.21842796e-02  2.09068023e-02 -9.64112859e-03
 -5.62042755e-04  1.70521159e-02 -1.49791241e-02 -2.45571770e-02
  6.84552118e-02  3.28933373e-02  9.62203071e-02 -2.91233398e-02
 -5.22003435e-02  2.16304138e-02 -2.94762794e-02  1.06261512e-02
 -9.99950022e-02  7.81853423e-02 -7.14024529e-02 -4.95825335e-02
  2.64644567e-02 -1.43840006e-02 -7.24615976e-02 -6.65967911e-02
 -7.25508155e-03  6.23385571e-02 -5.13521545e-02  5.95712382e-03
 -7.25779310e-02 -2.75677983e-02 -5.58888260e-03  5.11488132e-02
  3.94931547e-02 -2.60458812e-02  1.01012294e-03 -1.81752462e-02
  7.80668706e-02  1.43114384e-02  7.30108097e-02  3.00190579e-02
 -3.48764844e-03  1.67442095e-02 -4.72156554e-02  9.39229131e-02
 -3.22023593e-02 -3.00533343e-02  2.50257994e-03  1.80408023e-02
  2.74140295e-02 -5.15412204e-02 -3.22767720e-02  5.78485569e-03
  1.34409266e-02  1.87605154e-02 -4.46637012e-02  1.51850202e-03
 -7.82918185e-02 -2.18367223e-02  4.21179757e-02  3.73717472e-02
 -4.68717366e-02  6.15104288e-03 -1.21233165e-01 -2.33792514e-02
 -1.04116872e-01 -9.54305828e-02  1.40770450e-01  3.74051835e-03
 -3.38369533e-02  3.94262858e-02 -6.39492124e-02  2.71467827e-02
  1.12466868e-02 -4.46817401e-04 -8.10960457e-02  3.12466975e-02
  9.23007950e-02 -2.77912859e-02  2.77325548e-02  4.19507064e-02
 -7.58853853e-02  6.22082986e-02 -1.20327305e-02  6.37075007e-02
  2.39693299e-02 -2.09508389e-02 -4.69641052e-02  7.00327754e-02
  6.16577081e-02  4.60907072e-02  2.33206097e-02 -1.29124889e-08
  3.27622108e-02 -7.47259101e-03  8.92274007e-02 -5.18984301e-03
 -2.52990555e-02  5.00106998e-02 -2.54580993e-02 -1.97611954e-02
 -9.37344506e-02  3.38508189e-02  4.60453853e-02 -6.33062869e-02
 -4.57369871e-02  5.26307756e-03  5.24023883e-02  1.05490774e-01
  1.01119444e-01 -3.60931233e-02 -2.14523990e-02 -5.28784096e-03
  2.24747229e-02  1.21160969e-02  1.59331504e-02  7.89841637e-02
 -1.08723149e-01 -9.35513712e-03  4.48235832e-02  2.74642464e-02
  5.70628420e-02 -6.21750094e-02  6.32505771e-03 -2.01954469e-02
  7.47999968e-03  2.83405073e-02  7.24820420e-02 -6.05019405e-02
  2.04620194e-02 -6.63686320e-02 -2.42969785e-02 -2.88225748e-02
 -3.31495814e-02  2.60691904e-03 -8.45488161e-03  2.20908243e-02
  2.99184714e-02  2.51253657e-02 -1.64391547e-02 -6.68603256e-02
 -2.00517233e-02  3.94399911e-02  1.61236264e-02  1.85024161e-02
 -1.41401810e-03 -4.50185984e-02  1.44278809e-01  6.78485706e-02
 -9.95729044e-02 -8.36038683e-03 -2.76663434e-02  5.62821589e-02
  4.87578921e-02  1.21721134e-01  6.05888739e-02  1.36614693e-02]

Sentence: I enjoy studying machine learning.
Embedding: [-1.05804699e-02 -6.70197532e-02  4.64802422e-02  1.52189806e-02
  5.46328239e-02 -6.08048327e-02  4.72187577e-03  3.44424997e-03
 -6.62159920e-03  1.90974791e-02 -7.05552027e-02  3.66884023e-02
 -1.91839356e-02 -6.41328283e-03 -2.72465535e-02 -1.30394194e-02
 -8.43828246e-02  1.04469424e-02 -1.40894635e-03 -1.07706547e-01
 -2.76008006e-02  8.24772567e-03  2.52948869e-02 -2.51408443e-02
  3.13149951e-02  1.34342471e-02  1.98566839e-02  8.70948564e-03
  2.69243084e-02 -5.36287576e-02 -8.95441249e-02  3.45325880e-02
 -7.46486057e-03  5.82983531e-02 -6.19055033e-02  1.92565732e-02
  7.94295818e-02  1.21173272e-02  6.20855950e-02  4.67214547e-02
 -9.72323865e-03  7.40993815e-03  8.71031210e-02 -2.03887299e-02
  1.11355074e-01  1.72511656e-02 -4.55379300e-02 -1.11867234e-01
  8.15813541e-02  2.69523673e-02 -7.22621009e-02 -1.12067191e-02
 -6.42583668e-02 -1.28530767e-02 -4.51138616e-02  1.86381023e-02
  9.77094695e-02  1.83393061e-02  1.69432443e-02 -5.86535446e-02
 -1.04070157e-02 -1.01961300e-01 -1.01630583e-01  4.47049513e-02
  6.68195188e-02  3.34956450e-03  1.79682113e-02  3.79356667e-02
  1.72713883e-02  2.76149493e-02 -6.64556101e-02  8.61671418e-02
 -9.42935178e-04  1.08044900e-01  1.05143547e-01  9.47408192e-03
  2.45638248e-02  2.03384627e-02  9.38614309e-02  1.79561619e-02
  3.49608772e-02 -2.75541246e-02  6.66540954e-03  2.62383148e-02
  3.23725715e-02 -1.30546898e-01 -4.42867801e-02  5.38056232e-02
 -4.62555280e-03 -2.30783429e-02  1.63329039e-02 -2.35444531e-02
 -3.06556877e-02 -1.01832347e-02 -3.06901559e-02  3.39335613e-02
  1.25194257e-02 -1.50256297e-02  2.34541669e-02  9.47199091e-02
 -5.94424531e-02  1.76983781e-03  2.37281714e-02  7.09187835e-02
 -3.28749977e-02  6.27836725e-03  1.36468327e-02  3.03390715e-02
  1.24180198e-01 -8.09866861e-02 -2.29473319e-02  5.08259833e-02
 -2.86299782e-03 -1.05943596e-02  4.39976379e-02  3.75868715e-02
  3.52196656e-02  5.56910634e-02  7.23375380e-02  7.93253630e-02
 -6.44685850e-02  4.93928529e-02 -3.80461179e-02 -1.78910792e-02
  1.46782082e-02 -9.09115076e-02 -9.66391414e-02 -4.20598932e-33
 -2.43169535e-02 -6.18690923e-02  6.03072345e-02  2.45768894e-02
 -4.67516994e-03 -7.43858293e-02  9.74270923e-04 -8.57578125e-03
 -1.80306993e-02  1.39415115e-02 -3.45670953e-02  9.64458212e-02
 -4.54545356e-02  6.20297529e-02  4.48914766e-02  1.41128330e-02
 -6.99555827e-03  9.14538205e-02 -7.84818903e-02 -1.61669664e-02
  6.10193349e-02 -8.88623819e-02  5.28589413e-02  5.81166893e-02
 -3.81475016e-02 -3.15771922e-02  2.68688817e-02 -8.29568282e-02
  4.85809185e-02  5.55464141e-02 -5.37601765e-03  6.38378039e-03
 -1.21395104e-01 -6.49135560e-03 -1.78210263e-04 -1.15469145e-02
 -7.37315277e-03  3.57770431e-03  6.21513575e-02 -1.87063944e-02
  2.52689607e-03  1.36033138e-02  8.16322789e-02 -5.53469211e-02
 -1.07507659e-02 -2.25422438e-03  6.67719319e-02 -6.94908202e-02
  4.87266965e-02 -8.90548155e-02 -9.44317803e-02 -4.49678488e-02
  5.02845924e-03  2.96352757e-03 -2.23590918e-02  7.95104951e-02
  1.59483794e-02 -1.78479645e-02 -2.75838356e-02  2.72070337e-02
 -2.07690392e-02  8.79840776e-02  1.47146340e-02 -1.29425861e-02
 -3.43677215e-02  1.07772745e-01 -2.32943464e-02  1.49196116e-02
  5.56280613e-02  1.71776954e-02 -5.14358804e-02 -3.44444369e-03
  9.12738964e-03 -9.78575721e-02  1.03197461e-02 -3.88022177e-02
 -1.51415728e-02 -2.59782579e-02 -4.92555685e-02 -9.08932183e-03
  2.44022608e-02 -5.50381131e-02 -1.90017205e-02 -8.40669274e-02
 -1.39877270e-03  5.00988662e-02 -4.70891042e-04 -1.32548094e-01
  9.83999483e-03 -2.80958768e-02 -5.20095192e-02 -4.39825356e-02
  8.76833778e-03  2.36731227e-02 -1.19867019e-01  3.92248763e-33
 -4.66379523e-02 -1.84463840e-02 -1.07766176e-02  9.01885703e-02
 -2.80263815e-02  1.42655603e-03 -4.38216738e-02 -1.40982242e-02
 -2.76407786e-02  5.53269275e-02  2.16575945e-03 -1.05092376e-02
 -9.90608335e-03  6.41740561e-02 -2.38770060e-03 -1.91688724e-02
 -8.97178203e-02  9.43498500e-03 -8.46888348e-02  4.96809836e-04
 -3.05402689e-02  1.05369180e-01 -1.10354731e-02 -1.77833792e-02
  6.90292642e-02 -1.38961701e-02 -3.28679979e-02  2.13868599e-02
  1.39628090e-02  5.77966049e-02 -2.56094765e-02  3.64076979e-02
 -5.60480691e-02 -4.93911132e-02  5.05251018e-03 -1.46923572e-04
  4.79230434e-02 -5.87362237e-02  2.54179090e-02  7.77537599e-02
  5.20575643e-02  1.00431060e-02 -1.57628711e-02 -1.88671350e-02
  5.16885482e-02 -7.93251733e-04  3.13456692e-02  1.29423644e-02
  2.20333375e-02 -6.91429228e-02  2.00287718e-02  6.51616231e-02
  2.07710452e-02 -1.27585739e-01 -1.47651677e-04  4.30675643e-03
  2.65918672e-02 -1.28030200e-02 -3.31000309e-03  4.50671874e-02
 -1.38487533e-01 -3.03660752e-03  2.84415837e-02  3.64328697e-02
 -1.36089670e-02 -3.56238931e-02 -7.54090538e-03  1.73310433e-02
 -2.44039204e-02 -7.07733780e-02 -8.89032800e-03  4.96331677e-02
 -6.08845018e-02 -2.96592736e-03 -7.53344297e-02 -6.57285005e-02
  1.22451605e-02 -1.26895646e-03 -7.62079507e-02  7.09708501e-03
  5.45827337e-02 -5.70339113e-02  7.64076971e-03  4.78270352e-02
 -1.37658725e-02  5.59046231e-02  5.16580939e-02  4.72830201e-04
 -3.12245842e-02 -8.67731795e-02 -2.08775960e-02  4.77376729e-02
 -4.18193713e-02 -4.43287268e-02 -2.82468218e-02 -1.37343310e-08
 -3.25176381e-02  1.34131527e-02  1.38342038e-01 -3.89701612e-02
  4.73726206e-02  7.43720084e-02 -8.65483731e-02  1.13406487e-01
 -7.70592168e-02 -2.09151916e-02  1.06670789e-01 -4.18659598e-02
 -2.99518742e-02  3.21019877e-04  7.63850436e-02  5.31244949e-02
  1.27461180e-01  2.70747095e-02 -1.22374110e-02  5.67119569e-02
  7.84749091e-02  2.24786829e-02  4.11174297e-02  3.36899459e-02
 -1.74774341e-02 -2.44297720e-02  5.85085005e-02  2.31588762e-02
  4.39719073e-02  2.81260014e-02 -4.48911637e-02  8.87120515e-02
 -1.03713665e-02 -3.22153457e-02  6.96671233e-02  1.40989469e-02
  5.73639050e-02 -6.87064081e-02  1.42472973e-02 -1.14379600e-02
 -5.52374348e-02  6.55271634e-02 -3.43853682e-02  1.07814187e-04
  8.79344158e-03  7.22603723e-02  8.54903758e-02 -4.51718457e-02
 -8.38321830e-06  3.71706225e-02  4.13229540e-02  5.77862794e-03
  6.28677905e-02  4.81220111e-02  7.21171498e-02  3.74867357e-02
 -4.04352061e-02 -6.04374222e-02 -3.09842061e-02  1.00224316e-01
  1.15159653e-01  5.52502126e-02 -2.36421581e-02 -3.20846736e-02]

Sentence: I want to build AI applications.
Embedding: [-3.58869322e-02 -8.86067525e-02 -1.34716379e-02 -5.56157045e-02
 -8.07867944e-03 -5.42334355e-02  8.05166550e-03  8.64713416e-02
 -3.18618715e-02 -5.76994382e-03 -9.58259925e-02 -5.92916086e-02
  2.64849681e-02  2.00398751e-02  4.62852158e-02  5.28133959e-02
  1.70829967e-02  1.56034995e-02  8.01084377e-03 -7.70166665e-02
  3.51566859e-02  4.14705742e-03 -8.01919494e-03 -5.61778918e-02
 -4.18022610e-02  5.83389886e-02  4.40778621e-02 -1.05196312e-01
  6.97976649e-02 -1.12760644e-02 -1.74985267e-02 -3.57439592e-02
  6.31950572e-02  3.37702595e-02 -7.54242390e-03  5.00418693e-02
 -3.91430333e-02 -7.49123022e-02  6.54280558e-02 -6.78981543e-02
 -8.02383572e-02 -2.09564548e-02  2.76111346e-02 -5.72198741e-02
  8.25368538e-02  1.53067824e-03 -5.09451665e-02 -2.59699710e-02
  7.43962601e-02  3.10658365e-02 -1.08314656e-01 -3.21164764e-02
 -2.81513333e-02 -4.65129316e-02 -3.75756435e-02  3.35085541e-02
  2.59179473e-02  4.79254918e-03 -3.17688845e-02 -3.86096463e-02
  4.11190614e-02  7.29323085e-03  1.84170518e-03  4.18643542e-02
  3.83250266e-02  5.43253645e-02 -3.41110490e-02  4.46970761e-02
  7.54382163e-02 -9.82043818e-02  1.08051747e-02  4.65870922e-04
 -3.82261090e-02  1.08123608e-02 -3.08427215e-02 -2.12676395e-02
  1.54830851e-02 -2.26251893e-02  5.06076664e-02 -6.92327544e-02
 -4.23524156e-02 -5.44391163e-02 -2.46867854e-02  1.05192490e-01
  2.08144933e-02  3.51568572e-02  7.97407404e-02  5.09727858e-02
  2.46284083e-02  6.02605492e-02  1.99811663e-02 -2.16905680e-02
  2.64013489e-03  1.24235870e-02  6.85183406e-02  5.20104505e-02
 -3.11032422e-02 -7.40464106e-02 -6.73816949e-02  4.76616360e-02
 -7.71951303e-02 -5.61527237e-02  3.17112580e-02 -2.20056307e-02
 -3.64335142e-02  2.95963380e-02  4.28093858e-02 -7.34652653e-02
  4.11765017e-02 -4.54527326e-03 -7.93648064e-02 -4.48964909e-02
  3.36342230e-02 -7.08496720e-02  7.03901723e-02  2.00418625e-02
 -8.64184834e-03  4.92543429e-02  4.04745117e-02  7.18198568e-02
 -2.61140708e-03  2.65447665e-02 -5.65212183e-02  6.46726266e-02
  3.02173272e-02 -4.78213187e-03 -7.29528368e-02 -6.50974298e-33
 -5.57475798e-02  7.92193096e-05  5.50910868e-02  4.64198589e-02
  6.10359572e-02 -1.12109900e-01  6.99615777e-02  2.75536105e-02
 -4.56093438e-02 -3.07118241e-02 -3.56396697e-02  5.59462383e-02
 -8.65728408e-02  7.51279593e-02  1.00754403e-01 -6.08155578e-02
 -2.62251776e-03  5.24544902e-02 -1.18038673e-02 -6.40435703e-03
  6.03095023e-03 -8.84836093e-02  1.59758534e-02  3.60383391e-02
  7.12435916e-02  3.76584753e-02  7.71381631e-02 -5.97137623e-02
  8.72047618e-03  2.26108022e-02 -1.43053718e-02  7.18468875e-02
 -7.10408911e-02  2.23490354e-02  6.33168500e-03  3.03863250e-02
 -7.23637566e-02  1.83394328e-02 -8.79550539e-03  8.82712081e-02
  1.84666943e-02  2.24163849e-02  3.10291089e-02 -1.70804411e-02
  3.93408835e-02 -3.62664275e-02  2.33569443e-02 -3.96659933e-02
  6.60412339e-03 -5.90348393e-02 -1.71460621e-02  5.30747138e-02
 -3.43319625e-02 -3.66712846e-02  1.19609172e-02 -4.72678952e-02
  5.66964271e-04  1.22183617e-02  4.77383845e-03  2.70572454e-02
 -3.37471329e-02  4.86788852e-03 -6.28897995e-02  8.96905288e-02
 -8.85098875e-02  1.50713250e-02 -3.20980395e-03 -2.03180797e-02
  4.43374850e-02  5.42635657e-02 -2.40783170e-02 -5.49706118e-03
  5.69027700e-02 -4.22194898e-02 -9.98701379e-02  7.23317172e-03
 -1.75608732e-02 -9.00606439e-02 -2.66836565e-02 -1.69136506e-02
 -7.38697797e-02 -1.76844299e-02 -3.17033269e-02 -1.97333097e-02
  8.43573436e-02 -3.67159173e-02 -4.19329219e-02  6.22801762e-03
 -1.17541673e-02 -5.40825073e-03 -7.49275833e-02 -2.31560110e-03
  6.58673886e-03  3.25125270e-02 -7.28952512e-02  3.49940738e-33
 -3.72420140e-02 -3.39970030e-02 -1.03228256e-01  6.63264049e-03
  3.62764001e-02  8.35080724e-03 -1.80250984e-02 -2.26608217e-02
  5.38092516e-02  7.68425316e-02 -5.37652113e-02 -2.49409936e-02
  8.20242018e-02  3.43545526e-02 -3.88000086e-02 -2.19483748e-02
  1.76726561e-02  4.48517082e-03  2.49413121e-02  1.30112213e-03
 -1.40903862e-02  1.08508632e-01 -5.63496873e-02 -4.78921384e-02
  5.33003509e-02 -4.17406447e-02 -3.13573666e-02 -3.17962393e-02
  2.15125401e-02  1.20227365e-02 -1.23661263e-02 -3.19866911e-02
 -8.78483728e-02  2.23598685e-02 -5.61430026e-03  6.74237963e-03
  9.88939330e-02 -7.55399689e-02 -1.60507970e-02 -1.35792689e-02
  9.00204405e-02 -7.89540708e-02  2.24032607e-02 -3.91737930e-03
 -4.75994824e-03  1.68450866e-02 -5.73872328e-02  9.00288522e-02
 -1.01935109e-02 -7.86615685e-02  1.65311359e-02  7.47356191e-03
 -9.03077703e-03 -8.37038085e-02 -7.29284659e-02  9.78889223e-03
  8.48973766e-02  6.41147979e-03  2.92486139e-02  6.02614246e-02
 -9.50231478e-02 -5.02962098e-02  4.74711210e-02 -5.77789284e-02
 -4.00537215e-02  2.78545357e-02 -3.51143256e-02  5.69195785e-02
 -7.49212578e-02 -5.79490140e-02  7.97999352e-02  1.97395422e-02
  4.86145401e-03  1.25143737e-01 -9.60048884e-02 -2.55826134e-02
  4.29087132e-03  2.94186473e-02  1.16343219e-02 -4.71141785e-02
  3.84639539e-02 -1.61530897e-02  4.15045321e-02  3.05509157e-02
 -2.37441901e-02  7.02751353e-02  1.89722385e-02 -4.32128012e-02
 -4.37156809e-03  3.30183357e-02 -7.58709759e-02  9.18566212e-02
  5.03217652e-02  4.40942608e-02 -1.25871897e-01 -1.41783758e-08
  1.89342517e-02 -2.44327839e-02  1.07805774e-01  4.79391739e-02
 -2.19317786e-02  5.89299724e-02 -4.12484929e-02  2.93500461e-02
  6.42776350e-03 -4.51132953e-02 -2.78584212e-02 -1.04776090e-02
 -3.28992456e-02  3.10505368e-02  6.49607331e-02  1.56006990e-02
  3.43413204e-02  4.21781279e-02  2.69091912e-02 -3.91241461e-02
  7.70113841e-02  1.77739989e-02  1.11826807e-02  2.28903592e-02
 -3.24749690e-03 -7.89575726e-02  3.14051770e-02 -6.19293824e-02
 -6.17434792e-02  9.79559794e-02 -2.15888452e-02  6.03137016e-02
  1.14458330e-01 -2.96962671e-02  9.03182179e-02  2.22584084e-02
 -9.55265574e-03 -2.52950173e-02 -1.06091518e-02 -7.88201243e-02
 -8.79243389e-03  9.90278050e-02  3.00997104e-02 -7.90594518e-02
  9.46968719e-02  5.17635327e-03 -3.29440609e-02 -1.64109930e-01
  4.57924716e-02  3.52770798e-02 -1.54355261e-02  9.80921276e-03
 -1.52107980e-02  5.57713136e-02  1.08869575e-01  1.14782751e-01
 -4.85012447e-03 -8.46637413e-02  2.29969602e-02  4.93317060e-02
  5.92136160e-02  9.55255330e-02  1.26369642e-02  2.55554076e-02]

Sentence: Artificial intelligence is useful in many fields.
Embedding: [ 1.35529283e-02  1.19679468e-02  2.36998256e-02 -2.30627507e-03
  1.99967413e-03  3.44163701e-02  1.61787868e-02  2.96170935e-02
 -2.74754898e-03  2.84360480e-02 -6.36778548e-02  4.76385392e-02
 -7.79667916e-03  3.56583521e-02  6.58923481e-03  2.44727470e-02
 -5.75364977e-02 -2.13105027e-02 -1.36241004e-01 -1.30813316e-01
 -4.32355814e-02  1.26589248e-02 -2.58429535e-02 -7.03328699e-02
 -2.60915123e-02  3.45751480e-03 -1.27939051e-02 -2.95853317e-02
 -1.63769703e-02 -3.18781510e-02  1.32871931e-02  7.79254362e-02
  7.41474852e-02 -3.16512748e-03 -8.67011622e-02  5.73217422e-02
 -4.89461757e-02  1.00900374e-01  5.28190956e-02  1.59802362e-02
 -3.31392847e-02 -4.35505323e-02  5.11198379e-02 -1.92547049e-02
  7.34627917e-02  7.07700551e-02 -9.25882906e-02 -4.26598899e-02
  4.12858054e-02  1.50351310e-02 -1.19626425e-01  2.26379279e-02
 -5.15129557e-03  2.41735801e-02  4.50600535e-02  5.13460934e-02
  2.71649212e-02 -5.19088916e-02 -3.33369407e-03 -4.46809195e-02
  3.04032750e-02 -4.68844511e-02  1.78240016e-02 -3.79526778e-03
  5.81720546e-02  2.11935956e-02 -6.10729121e-02  3.92904412e-03
 -2.14058142e-02 -5.94643690e-02  4.48968448e-02  8.76546502e-02
  1.74756199e-02  2.88917385e-02  4.18499410e-02  5.21824323e-03
  2.70743407e-02 -1.89716574e-02  6.47119805e-02 -9.95844323e-03
  4.15563621e-02 -5.56237018e-03 -3.00356243e-02  3.44546251e-02
  2.42202133e-02 -4.32935730e-02 -2.86737345e-02  1.01481257e-02
 -3.34098609e-03 -9.02454183e-03  6.89770505e-02 -6.40210956e-02
  1.05549404e-02 -6.24505244e-02  3.80708352e-02 -1.42786903e-02
 -1.28368950e-02 -3.64506803e-02 -1.47590251e-03 -1.92245655e-02
 -4.93836030e-03 -9.15020239e-03  1.19360955e-02  3.78101692e-02
 -5.33744181e-03 -2.81477254e-02  9.24637616e-02  2.29822770e-02
  9.15842503e-02 -1.21070318e-01 -9.99737382e-02  5.74819706e-02
 -1.65149271e-02  1.56032282e-03 -1.70203112e-02  2.11569257e-02
  6.32276852e-03  1.18440926e-01  2.25989539e-02  4.16639112e-02
 -2.50079501e-02 -4.74951696e-03 -6.68599084e-03  7.37099722e-02
  3.98097374e-02 -7.55169541e-02 -5.60219325e-02 -2.58168241e-33
 -1.42563730e-01  7.67935999e-03  5.35743646e-02  7.80338421e-02
 -3.79385091e-02 -4.68386486e-02 -3.80388945e-02 -5.01756407e-02
  1.99251976e-02 -3.51743065e-02 -4.81875092e-02  3.73788513e-02
  1.42275942e-02  6.33902382e-03  2.91827116e-02 -1.66318249e-02
 -3.02852783e-02  2.75309868e-02 -3.49648460e-03  4.44197049e-03
  9.96556133e-02 -1.09060198e-01  1.36327473e-02 -2.25420874e-02
  3.84928915e-03  4.20263857e-02  9.16090012e-02 -1.31101282e-02
  2.12490391e-02  7.03517674e-03  3.35501470e-02  7.74818957e-02
 -1.38839677e-01  2.26580836e-02  1.15587851e-02  2.44814344e-02
 -4.37279344e-02 -2.68615223e-02  2.71532424e-02  6.29133582e-02
 -2.86395811e-02  2.95938626e-02  3.38544101e-02 -3.15020718e-02
 -3.53350211e-03 -1.45071158e-02  4.00241800e-02 -4.08211276e-02
  2.74183769e-02 -4.84227613e-02 -1.48576796e-02  4.63580675e-02
  1.29228020e-02 -9.84398574e-02  1.35348082e-01  3.66834961e-02
 -4.64456677e-02  1.35043319e-02  6.47188537e-03 -2.54646838e-02
 -1.45771159e-02 -1.36519810e-02 -3.90601866e-02  3.48472148e-02
 -2.13991269e-03  1.26248717e-01  2.13426203e-02  5.20116836e-02
  4.09361310e-02  3.46504971e-02  2.36274712e-02 -1.83403352e-03
 -4.06477787e-02 -3.12747471e-02 -7.97937810e-02  3.02558970e-02
  2.85233855e-02 -1.34673312e-01  4.23819423e-02  3.61698195e-02
 -7.98935667e-02 -2.67133266e-02 -3.56434137e-02 -2.96186619e-02
  5.83565198e-02  2.98058335e-02  2.85402704e-02 -8.12561885e-02
 -8.25226214e-03  1.51749644e-02 -2.24669352e-02 -1.96106173e-02
 -5.07010408e-02  3.79680507e-02 -6.65814802e-02  3.06079811e-34
 -1.03271775e-01 -2.37346776e-02 -4.83461507e-02  7.36237243e-02
  1.22772092e-02  1.34344660e-02 -4.14016098e-02 -6.34604171e-02
  1.26933251e-02  3.38365473e-02 -6.00925013e-02  2.46585067e-02
 -3.05665974e-02  3.06037837e-04 -3.09846178e-03  9.22983140e-03
 -7.07288086e-02 -1.00098878e-01 -2.47769095e-02  1.96021535e-02
 -1.19029023e-02  9.06901211e-02 -6.31950423e-02 -2.72547994e-02
 -3.64694721e-03  3.35362293e-02 -1.29275873e-01 -6.87816441e-02
 -3.19257267e-02  4.75024544e-02 -4.10446487e-02 -3.57904918e-02
 -5.06846681e-02  2.55837366e-02 -2.36463454e-02  5.54038957e-02
  2.05480177e-02 -5.17050829e-03  6.94259210e-03  9.50134825e-03
  5.07793529e-03  6.98374733e-02  4.38077748e-03 -6.46471158e-02
 -2.60845963e-02 -1.23852557e-02 -1.66069698e-02  1.27772793e-01
  5.44780539e-03  1.90976933e-02  1.16723739e-02 -3.88476588e-02
 -2.14726273e-02 -1.19061127e-01 -4.07485776e-02  7.38318115e-02
 -6.67100493e-03 -2.86400579e-02 -5.09061180e-02  3.94314900e-02
 -7.98667967e-02 -5.40239550e-02  8.87430757e-02  7.25537837e-02
 -3.21689397e-02  3.77234593e-02 -2.93617528e-02  9.14442688e-02
 -7.68196359e-02 -1.14311874e-01  1.13206170e-01  2.54780091e-02
  4.03202092e-03  8.54321644e-02 -6.81167915e-02 -1.32050253e-02
 -9.30218771e-03 -6.10951707e-03  1.16824079e-02  2.66692638e-02
  7.13032037e-02 -7.00038597e-02  6.45887386e-03  3.07601560e-02
 -4.57712822e-02  3.34022120e-02  3.19388881e-02 -3.69225852e-02
  6.83279755e-03 -7.00960830e-02 -4.52260524e-02  2.65700351e-02
 -1.80452969e-02  1.05256271e-02 -1.07185148e-01 -1.60797775e-08
  6.80452492e-03 -3.21599431e-02  9.21079963e-02 -3.66279781e-02
  1.18410476e-02  1.14650354e-02 -3.44053097e-02  8.22305083e-02
 -5.08228168e-02  1.44958487e-02 -5.64704929e-03 -1.41470348e-02
 -2.87750270e-02  4.10230309e-02  1.36952356e-01  1.21811805e-02
  6.45297095e-02 -3.82055193e-02 -1.85290840e-03  5.97314090e-02
  8.89779404e-02 -4.22797428e-04 -3.08931302e-02  1.20177539e-02
  1.74977574e-02 -1.29086804e-02  1.24787614e-02 -5.92764504e-02
 -5.02811670e-02  5.29995933e-02 -2.96978317e-02 -1.64075866e-02
  4.66331504e-02  6.02217503e-02  1.55491918e-01  1.59593746e-01
  2.26306003e-02 -1.07942663e-01 -3.45543921e-02 -3.33842030e-03
  1.14784399e-02  7.25197122e-02 -2.85908841e-02  3.15911621e-02
  1.15874246e-01 -2.48548444e-02  7.21142534e-03 -4.70917933e-02
 -1.98257621e-03  5.07301837e-02 -1.75314378e-02  1.62800290e-02
 -3.88912013e-04  2.88695749e-02  6.66912273e-02 -1.91745884e-03
  4.43069898e-02 -6.62713423e-02  6.05187519e-03  5.99046014e-02
 -1.00132255e-02  7.34521598e-02  3.24433632e-02 -3.74003090e-02]

Sentence: Machine learning is an important part of AI.
Embedding: [-3.50433309e-03  8.92510731e-03  8.27156678e-02  5.10273641e-03
  2.89167669e-02  2.83974949e-02 -4.02678847e-02 -1.37867723e-02
 -2.93909498e-02  2.80984677e-03 -7.52187148e-02  5.45461327e-02
  2.59949304e-02 -4.06732708e-02  1.47143155e-02  1.03068324e-02
 -6.36257380e-02 -1.94251556e-02 -1.17006823e-01 -1.22759759e-01
  1.97597849e-03 -9.51491675e-05 -1.33229503e-02 -3.00157443e-02
 -5.75002562e-03  4.87500280e-02  1.45851811e-02  8.92225932e-03
  8.50245077e-03 -7.02181831e-03  1.35570504e-02  8.81267060e-03
  6.15682416e-02 -7.75554823e-03 -1.05101988e-01  6.05381951e-02
 -2.70740036e-02 -1.31849283e-02  7.56423026e-02 -2.35490073e-02
  1.99558921e-02  4.27392637e-03 -3.94605007e-03 -2.47254707e-02
  8.69830102e-02  9.64471251e-02 -6.23379238e-02 -7.20873103e-02
  6.32153824e-03  1.86372083e-02 -8.67811590e-02 -2.24465337e-02
 -8.33292026e-03  4.03685383e-02 -1.98287405e-02  7.21055046e-02
  5.61961643e-02 -2.86507271e-02  1.71232969e-02 -9.53895506e-03
  2.50458457e-02 -5.75795881e-02  6.41337829e-03  5.01560457e-02
  9.24252495e-02 -2.84874383e-02 -1.96776018e-02 -2.01860722e-02
 -3.82394083e-02 -2.65333820e-02  4.97360853e-03  7.56454766e-02
  4.68358584e-02  8.10706541e-02 -2.95016286e-03  1.79128051e-02
  1.51656829e-02 -1.19745415e-02  1.16170324e-01  3.60831805e-02
  6.46763900e-03  1.33354990e-02 -1.12413131e-02  8.61803144e-02
  2.19518431e-02 -4.10749428e-02 -9.41290800e-03 -5.45975566e-02
 -3.33484970e-02 -1.88225750e-02 -1.23194847e-02 -5.51940538e-02
  3.84982452e-02 -6.85099810e-02  3.58070098e-02  2.35708095e-02
 -3.39625664e-02 -6.38413578e-02  2.14287522e-03  1.39948223e-02
 -6.07361756e-02 -8.68594367e-03  4.09725197e-02  5.29794879e-02
  6.24941802e-03 -4.63499948e-02  5.49028851e-02 -2.81482935e-03
  1.01142496e-01 -1.19275987e-01 -4.08582389e-02  4.03321348e-02
  5.35203256e-02 -4.27105464e-02  1.60076264e-02  2.36425195e-02
 -2.70168995e-03  2.70392671e-02  4.01799195e-02  4.75211926e-02
 -4.49357778e-02 -3.86854215e-03  7.79082766e-03  8.48406032e-02
  5.48366643e-02 -1.23591729e-01 -5.36182746e-02 -4.31240094e-33
 -6.96932971e-02 -5.78730144e-02  6.10659234e-02  4.08739597e-02
  1.11846272e-02 -6.34181872e-02 -2.44581718e-02 -7.09560439e-02
  2.58241985e-02 -6.51716953e-03 -8.78538862e-02  1.08763026e-02
  1.11342529e-02  1.40724527e-02  1.31008355e-03  4.13975306e-03
  2.00290401e-02  7.69446418e-02 -2.01286450e-02 -6.40360266e-02
  3.70913222e-02 -7.28347823e-02  2.29983926e-02 -1.80910323e-02
 -5.85090667e-02  4.98576574e-02  6.51251972e-02 -1.32677127e-02
 -1.27695072e-02  1.35352323e-02 -6.37023337e-03  3.27822939e-02
 -1.11847110e-01 -7.40141433e-04  1.65853947e-02  2.91011110e-02
 -1.70876738e-02 -1.13112153e-02 -4.68310267e-02  5.53393811e-02
 -4.03912142e-02  9.99489520e-03 -1.03135742e-02 -6.48741499e-02
 -4.12705578e-02 -3.78948613e-03  3.91056463e-02 -8.93025771e-02
  4.47878800e-02 -5.77844791e-02 -3.42819914e-02 -1.07655963e-02
  5.34182563e-02 -8.11429769e-02  3.45388651e-02  6.90201223e-02
  6.64462615e-03 -1.93141475e-02 -2.23721564e-02 -2.17010733e-02
 -1.60056185e-02 -9.21167433e-03  2.89667454e-02  9.27671790e-02
 -1.73227489e-02  1.07437752e-01  4.45925444e-02  3.43014114e-02
  3.88472378e-02  2.04580445e-02 -4.37508308e-04 -1.24044009e-02
  2.73113400e-02 -3.29216979e-02 -2.49640550e-02 -1.92931462e-02
  4.81503420e-02 -5.45716994e-02  4.74673957e-02  2.76177675e-02
 -6.75681382e-02 -6.05139174e-02 -7.63673782e-02 -6.70684874e-02
  3.41894366e-02 -2.22389754e-02  3.53297926e-02 -9.03219730e-02
 -6.98346570e-02  2.08074097e-02 -1.08454816e-01  9.95342527e-03
  2.61800224e-03  3.15438695e-02 -9.34406966e-02  9.24143353e-34
 -9.69098583e-02 -4.79686161e-04 -1.50225013e-02  5.49278446e-02
 -1.05230976e-02 -1.05386712e-02 -7.20844567e-02 -5.38906716e-02
 -3.04871202e-02  6.97889924e-02 -4.15255353e-02  3.25510129e-02
 -5.09357965e-03 -8.50957725e-03 -1.36149274e-02  3.68845388e-02
 -1.96732301e-02 -3.78100388e-03 -1.22478884e-03  3.23004760e-02
  6.61898358e-03  6.49658665e-02 -1.60170011e-02 -4.00684820e-03
  4.08112854e-02  1.96437892e-02 -1.07014433e-01  3.28501202e-02
 -2.17880905e-02  2.93456484e-02 -4.22775634e-02 -3.44020268e-03
 -8.77195224e-02 -1.40136462e-02 -3.87983732e-02  2.71388832e-02
  5.95887005e-02 -2.81176623e-02  2.13859137e-02  8.12229738e-02
  5.79213202e-02  2.78661456e-02 -7.53464624e-02 -3.82424556e-02
 -7.86786713e-03 -5.24058267e-02  2.50246245e-02  4.67571542e-02
 -6.13482029e-04 -3.77047919e-02  3.42164412e-02  1.60926618e-02
 -2.66376860e-03 -6.78762347e-02 -5.92497848e-02  9.20815989e-02
  7.89314043e-03  3.01936641e-03  4.20648120e-02  9.63910222e-02
 -1.25628993e-01 -4.90300544e-02  2.17668898e-02  3.48671973e-02
  1.71024855e-02  2.60062106e-02 -1.83164852e-03  6.09238669e-02
  9.98436939e-03 -8.40205029e-02  6.89907223e-02  7.64248967e-02
 -3.45409103e-02  1.43555328e-01 -1.00846268e-01 -5.92695959e-02
 -1.85724106e-02 -3.00597753e-02  1.63201168e-02  5.22800814e-03
  5.49049936e-02 -9.64630768e-02  1.21499719e-02  2.75876597e-02
 -2.06326740e-03  5.67610711e-02  2.77797505e-02 -7.61438459e-02
 -6.87371474e-03 -7.00740814e-02 -1.04218043e-01  3.30034122e-02
 -4.55223098e-02  4.52346690e-02 -1.34153634e-01 -1.53087285e-08
 -3.09754740e-02 -4.01032828e-02  1.24650598e-01 -3.89029346e-02
  8.13311115e-02  9.28261429e-02 -4.89204973e-02  1.12259917e-01
 -6.25475645e-02  1.80011541e-02  4.27053012e-02  2.01376863e-02
 -3.36707309e-02  1.21843321e-02  6.61164969e-02  8.03656224e-03
  7.63211325e-02 -2.01990977e-02 -2.34531816e-02  2.56110430e-02
  6.98629469e-02 -2.88802795e-02 -4.90922062e-03 -1.96759887e-02
  7.26613253e-02 -7.59339705e-02  7.97436386e-03  6.33898452e-02
 -5.81903867e-02  2.70397235e-02 -3.32283117e-02  3.00257616e-02
  5.58208227e-02  4.43345010e-02  1.18441246e-01  1.36705756e-01
  3.90932970e-02 -1.00107700e-01 -3.99310738e-02 -1.36449225e-02
 -5.76081760e-02  1.03666671e-01 -2.13716533e-02  2.26362720e-02
  4.36571203e-02  3.07481643e-02  9.46797058e-03 -9.63984281e-02
 -1.50887351e-02  1.17168948e-02  2.14866698e-02  3.46017703e-02
  4.63445783e-02  1.03754111e-01  8.18715543e-02  1.37621667e-02
  2.35909838e-02 -9.81995761e-02  1.31958630e-02  5.19368537e-02
  3.22314836e-02  8.97825137e-02  8.11059214e-03 -6.30375817e-02]

Sentence: Data analysis helps us find useful information.
Embedding: [ 7.99849480e-02  4.90144826e-02 -6.53970009e-03  3.00907530e-02
  2.42030043e-02  4.30699699e-02  7.63278501e-03  1.03704864e-02
 -1.71351507e-02  9.97517444e-03 -1.35873002e-03  5.48033826e-02
 -2.43457966e-02  5.58065586e-02  1.37680750e-02  2.83671729e-02
  1.23263812e-02  1.63993426e-03 -6.98730424e-02 -1.53909042e-01
  8.03791638e-03 -1.46032562e-02 -2.15702201e-03  9.24542182e-05
 -4.92940024e-02  4.32039388e-02 -3.45335193e-02 -4.51351702e-02
  2.80386936e-02 -2.64232699e-02  8.34905449e-03  9.84261036e-02
  1.19384915e-01 -4.07356722e-03 -8.29111338e-02  2.49180626e-02
  1.97851621e-02  1.35885566e-01  7.52342399e-03  1.83941983e-02
 -5.35622686e-02 -7.96187110e-03  7.70624205e-02  4.15201783e-02
  1.30429473e-02 -8.86952132e-03 -6.89036325e-02 -4.28273343e-02
 -2.14512199e-02  7.02924356e-02 -9.18616429e-02  4.68940251e-02
  3.01920511e-02 -3.85750160e-02  8.46856982e-02  4.52750921e-02
  4.79033879e-05 -5.47076017e-02  7.58823380e-03  1.61221493e-02
  3.43853123e-02 -3.05278264e-02 -6.45602942e-02  1.88134667e-02
  8.46602842e-02 -3.27541977e-02 -7.55507080e-03  1.42594613e-02
 -6.88378140e-02 -4.43593226e-02 -4.63745333e-02  2.00143061e-03
 -5.34599973e-03  7.57468492e-02  3.04827578e-02  1.66568800e-03
 -6.13681972e-03  9.97136068e-03  4.72857915e-02 -5.38954437e-02
  4.74370420e-02  5.83544970e-02 -9.50270146e-03  8.14397708e-02
  5.62081896e-02 -4.29258347e-02  2.16381587e-02 -5.16164675e-02
 -6.79828674e-02  3.02480794e-02  4.77638058e-02 -2.22270071e-04
 -9.75697208e-03  2.46944353e-02  6.41018376e-02  3.22197340e-02
 -7.10881874e-02 -2.37008389e-02  8.83132517e-02 -1.99678522e-02
 -8.33357591e-03 -4.09417879e-03 -1.34154810e-02  6.79913238e-02
 -4.22077589e-02 -9.18573812e-02  2.09749695e-02  1.92746532e-03
  2.77870484e-02 -9.80633684e-03 -4.79147770e-02  4.64917049e-02
 -4.63829674e-02  2.69804004e-04  8.03393275e-02 -7.00595379e-02
 -5.37138134e-02  2.48430651e-02 -1.54266674e-02  1.51896570e-02
 -3.62115949e-02 -3.28636132e-02  6.21080771e-02 -2.75177062e-02
  8.63146316e-03 -3.33243571e-02 -9.25606489e-02 -1.84788189e-33
 -3.44345979e-02 -4.31953780e-02  2.78450064e-02  1.07045509e-01
 -4.99185324e-02 -9.58686322e-02 -9.78766158e-02 -7.68205225e-02
  1.61527172e-02  5.90389185e-02  3.40579785e-02  1.02049321e-01
  3.19362395e-02  6.91915024e-03  4.98101749e-02  5.39925918e-02
 -3.63817699e-02  1.15031384e-01 -1.05483085e-01 -1.11317392e-02
  3.42782848e-02 -1.19779103e-01  1.00704849e-01 -1.34005984e-02
  6.34622499e-02 -2.29200907e-02  9.67434701e-03 -1.10666165e-02
  9.86141618e-03 -8.12040642e-03  4.04466204e-02 -1.45281414e-02
 -5.96716292e-02 -3.12651955e-02  2.51298491e-02  3.85798328e-02
 -1.72727797e-02 -3.02508157e-02  2.04843376e-02  2.35521793e-02
 -3.92763317e-02 -1.19743319e-02 -5.47380466e-03  5.03134951e-02
  9.73471906e-03  1.51142599e-02 -9.04350169e-03 -9.10612419e-02
  5.46652935e-02 -1.06064733e-02 -3.94982360e-02 -1.50758624e-02
  6.23896085e-02 -1.85662769e-02 -1.75661948e-02  8.60499442e-02
  3.22063483e-04 -5.37158810e-02 -7.76232081e-03 -3.28869894e-02
 -8.68377388e-02 -2.33595222e-02  1.84002761e-02 -7.05509037e-02
 -6.49731159e-02  7.42471516e-02 -2.11330280e-02  3.12974378e-02
  2.87416317e-02  7.48606340e-04 -3.35345082e-02  2.35800329e-03
  5.87673411e-02 -6.90727681e-03  2.46027261e-02  3.85673642e-02
 -4.76619229e-02 -3.69875953e-02  4.37852219e-02  1.02918837e-02
  3.87215172e-03 -1.00947835e-01  6.62608594e-02 -5.06438464e-02
  1.79507378e-02 -1.63748034e-03  6.83833733e-02 -4.49367240e-02
 -3.58781368e-02 -1.63367838e-02 -1.37195187e-02  4.55583073e-02
 -1.19751096e-01  3.78403813e-02 -3.17174010e-02 -6.67475539e-35
 -5.04548922e-02  2.40243841e-02 -1.81311797e-02  5.23278490e-02
  6.31542653e-02  1.33898929e-02 -2.83281449e-02 -1.41579449e-01
  1.11753769e-01  2.12498885e-02 -4.49536815e-02  9.77647956e-03
 -2.78105354e-03  1.80197749e-02 -5.59924059e-02  6.13700878e-03
 -5.93372136e-02 -8.72724876e-02 -6.49927557e-02  5.78366779e-02
 -5.42055629e-02  5.69795407e-02 -6.51854575e-02 -6.53477907e-02
 -2.00767182e-02  5.54160960e-02 -9.00647715e-02 -7.51120076e-02
 -3.85504169e-03  1.32349608e-02 -1.43742738e-02 -4.55655269e-02
 -3.70358059e-04  2.03303783e-03 -7.91761056e-02 -1.72084067e-02
  9.02978405e-02 -6.63309544e-02  1.50288045e-02  3.72268632e-02
  6.48610592e-02  1.00935064e-01  3.14205252e-02 -4.34846058e-02
 -2.71156710e-02 -1.15624908e-02  3.19485087e-03  1.09599836e-01
 -1.37110408e-02 -7.60237873e-03  1.16457306e-01  3.68142910e-02
  3.24555375e-02 -5.53182103e-02  1.89453363e-02 -7.96396006e-03
  4.12262306e-02 -6.37717620e-02 -4.75364253e-02  8.05116445e-02
 -8.84787813e-02  4.94955368e-02  3.01236100e-03  1.00011826e-01
 -3.30623388e-02 -4.45587300e-02 -2.80303098e-02 -7.71041885e-02
 -3.06727979e-02 -5.96009344e-02  3.62397879e-02  3.78044471e-02
 -2.54307743e-02 -1.85944121e-02 -4.74929027e-02 -6.13666698e-03
 -2.57919189e-02 -4.03256007e-02 -2.12349761e-02  4.39415984e-02
 -2.25212816e-02 -6.60138577e-02  2.70178225e-02  1.05718337e-02
 -4.24605124e-02  8.38386491e-02  5.02574891e-02 -4.71266657e-02
 -7.55655766e-03 -8.37004930e-02 -1.28450528e-01 -1.09292217e-01
 -1.15938678e-01 -2.86312588e-02 -1.96301620e-02 -1.82442310e-08
 -2.14983169e-02 -1.07392646e-01  7.57110342e-02  2.82540098e-02
  1.00448113e-02 -1.54196564e-02 -7.47145712e-02  1.62930220e-01
 -1.01433741e-02  3.40980804e-03  3.34314182e-02  1.65589917e-02
 -7.50793368e-02  3.13085653e-02  8.15856159e-02 -5.08356781e-04
  7.38650188e-02 -3.40173319e-02 -2.97038741e-02 -6.43204106e-03
  1.27024567e-02  1.45933283e-02 -1.81235950e-02  3.00257523e-02
  6.21486641e-02  1.11751715e-02 -6.47748075e-03  6.33989349e-02
 -3.85826416e-02 -4.31533493e-02  1.37327956e-02  1.61691606e-02
  5.70114441e-02 -1.99490003e-02  9.65765640e-02  4.10027988e-02
  6.17499016e-02 -3.01523935e-02 -2.22530700e-02 -6.96376013e-03
 -4.09177765e-02  1.13933668e-01 -1.39537212e-02  7.12853670e-02
  1.63682103e-02  3.87492739e-02  1.27303088e-03  8.87050182e-02
  3.04229703e-04 -2.75164098e-03  3.48739773e-02 -5.37007041e-02
  2.68863961e-02  5.40054683e-03  2.79955994e-02  9.88633186e-03
  1.61105357e-02  5.69700561e-02  5.18032201e-02 -5.32947015e-03
  9.34691634e-03  4.40318994e-02  1.96739715e-02 -4.52601947e-02]

Sentence: The temperature is very high today.
Embedding: [ 2.92046368e-02  9.49310064e-02  4.31379452e-02  8.26201141e-02
  6.99184136e-04 -5.98175600e-02  4.10237350e-03 -5.83831072e-02
 -2.67242026e-02  5.33975773e-02  2.20095515e-02 -1.11055616e-02
  3.94858886e-03  4.07377891e-02  8.96851793e-02 -4.62550186e-02
  3.63780148e-02 -7.29721636e-02 -7.25454912e-02 -3.63153368e-02
 -1.04228601e-01  3.56497094e-02 -7.74876215e-03  6.75525516e-02
 -1.45220589e-02  4.67262371e-03  4.22338350e-03  1.50929848e-02
 -2.35940572e-02  6.80120289e-02 -1.00230433e-01  7.10362718e-02
 -5.36467787e-03 -1.78280112e-03 -2.85017770e-02 -1.66333094e-02
 -1.12788687e-02 -1.25524208e-01 -6.30899444e-02  5.66073172e-02
  2.79055890e-02 -7.73223341e-02  6.63249046e-02 -5.91186667e-03
 -1.24447094e-02  5.09924702e-02 -8.98767561e-02  6.19968474e-02
  8.60280842e-02 -1.75667647e-02 -6.79701045e-02  8.06498230e-02
  3.04843821e-02 -4.65481319e-02 -5.56468777e-02  5.20528555e-02
 -2.82180775e-03 -7.82043636e-02  8.05742890e-02  1.88573487e-02
  1.48527874e-02  9.25963446e-02 -4.75519337e-02  2.31468715e-02
  8.05940554e-02 -1.01000868e-01 -6.19761832e-02  2.47235857e-02
  3.00934166e-02  9.18479823e-03  2.23931465e-02  7.50886276e-03
  2.41769478e-02 -6.08818755e-02  1.43593894e-02 -1.08088762e-01
  1.28816310e-02 -2.13266164e-03  3.91704775e-02 -1.02910399e-02
  5.87696321e-02 -9.80052948e-02  4.96037789e-02  3.77254141e-03
 -2.82371696e-02  8.05035979e-02  3.74417156e-02  6.98370486e-02
  3.47603783e-02  2.68154871e-02 -3.27196307e-02  5.81745850e-03
 -3.76755185e-02  4.03473563e-02 -1.88788772e-02  7.97874779e-02
 -2.48830370e-03  5.22904769e-02 -4.83982377e-02  2.18462925e-02
 -1.69419609e-02  5.09470478e-02 -5.41910529e-02  7.96016008e-02
  1.47186555e-02 -1.62328444e-02 -1.31508280e-02  3.69170774e-03
 -4.26368229e-02 -4.43137586e-02 -9.91912633e-02 -3.94060789e-03
 -1.57531016e-02 -2.65697837e-02  1.84203479e-02 -3.04027535e-02
 -2.28803027e-02 -4.13314402e-02 -8.66916031e-02 -3.14434506e-02
  1.22025460e-02  1.06843887e-02 -2.66159629e-03  9.79288220e-02
 -1.21167265e-02  4.15324792e-02  2.69556548e-02 -6.24818594e-33
  6.69253469e-02  3.05045974e-02  3.38232554e-02  2.13011373e-02
  1.18581025e-04 -6.35011345e-02 -8.71635526e-02 -4.84810434e-02
 -1.47096934e-02 -7.80340508e-02  1.26205292e-02 -6.26598597e-02
 -8.81594270e-02  6.88882396e-02 -4.04484011e-02 -5.55491000e-02
  2.92632431e-02  5.11796363e-02  1.09136673e-02  1.12151295e-01
 -7.21757412e-02  2.05432554e-03  2.52280594e-03  1.26288703e-03
 -1.75019857e-02  3.14675272e-02  3.89721468e-02  4.34154412e-03
 -4.74112891e-02 -4.11484018e-03  6.73560649e-02 -1.24218419e-01
 -1.01173706e-02  2.22333465e-02 -3.02122836e-03  8.93927459e-03
 -4.30809855e-02 -3.61361634e-03 -1.81853138e-02  4.11504582e-02
  2.34197639e-02 -2.62679794e-04  5.64618707e-02 -3.07648201e-02
 -1.37008040e-03  1.02661334e-01 -5.77048073e-03  3.77688184e-02
 -7.51072466e-02  2.14141421e-02 -4.87791300e-02  4.55930568e-02
 -5.12885191e-02  4.44454461e-04 -7.15599209e-02  7.28362799e-03
  1.43568031e-02  2.03028563e-02  1.22968350e-02 -2.16924329e-03
 -1.23686999e-01  2.19452195e-02 -2.17026267e-02  7.79000577e-03
  1.90213900e-02  2.30057761e-02  2.75094509e-02  3.05791348e-02
 -6.66947067e-02  7.16234073e-02  2.60413494e-02 -9.72397253e-03
  7.01792315e-02  2.63728481e-02 -2.34321728e-02  6.14245236e-02
  9.40289125e-02 -4.01662216e-02  5.45903035e-02  4.84474301e-02
 -5.26365824e-02 -1.02939270e-02  1.37256518e-01 -9.62232202e-02
 -4.33806190e-03 -4.13706899e-03 -6.35816231e-02  5.04063405e-02
  1.14054121e-02  7.48265088e-02 -7.64816701e-02 -5.09969331e-03
  7.26015568e-02  2.64099594e-02 -2.62472518e-02  3.08562528e-33
  8.41177404e-02  3.78324674e-03 -6.72066808e-02  2.26347037e-02
 -5.34328409e-02  4.51771496e-03  1.03060063e-02 -9.36593954e-03
 -5.90383448e-02  3.50096934e-02  6.20632917e-02  1.86253227e-02
  8.95150825e-02 -3.88329960e-02  6.72077537e-02  1.98968593e-02
  5.90007976e-02  9.47925374e-02 -3.26288380e-02  6.49132878e-02
 -1.29525527e-01 -1.91824406e-03 -6.91828281e-02  6.20077848e-02
 -7.20280930e-02  2.09262390e-02 -4.64808829e-02  1.74401223e-03
 -7.80185834e-02 -1.87650640e-02 -9.71080661e-02  2.97555272e-02
 -2.65370160e-02  8.97481218e-02 -6.83838576e-02  5.86941838e-02
  6.30766526e-02 -1.05399579e-01  3.75934839e-02 -6.42069280e-02
 -1.42909028e-02  1.48561001e-02  7.75668472e-02 -1.86455324e-02
 -1.70699577e-03  2.21169293e-02 -3.65756266e-02  4.72305436e-03
  6.16009496e-02  8.66462067e-02  4.59730513e-02 -1.09891109e-02
 -2.96238698e-02  6.10082708e-02 -4.28340808e-02 -1.14174439e-02
 -8.12064633e-02 -2.47806031e-02 -5.65798432e-02 -5.91886006e-02
  1.31859519e-02 -3.38782370e-02 -1.48536181e-02  1.99502371e-02
  1.95804015e-02  1.11178774e-02 -6.09919503e-02  2.89191436e-02
  2.90945433e-02  3.70627344e-02  8.42283815e-02 -2.09163632e-02
 -3.23301740e-02 -3.56041044e-02 -2.73685961e-04 -1.50322895e-02
  3.09056435e-02  7.84957260e-02  4.71510477e-02  2.20411196e-02
 -7.75431022e-02  4.33601178e-02 -1.56436265e-02  1.18306819e-02
  2.26496812e-02 -6.05556965e-02 -4.31341566e-02 -4.91831489e-02
  2.86649745e-02  5.60460314e-02 -9.14435461e-02 -1.29112275e-02
 -5.94886839e-02  4.43104878e-02 -4.47240733e-02 -1.81968147e-08
 -4.54988942e-04 -4.51827422e-02 -1.94846056e-02  3.06684151e-02
  3.37560065e-02 -3.58395800e-02  3.16582695e-02 -8.35149176e-03
  2.92219631e-02  4.94504236e-02  3.23318131e-02  8.44254792e-02
  3.19344252e-02  1.60397328e-02  4.91264416e-03 -1.25296295e-01
 -4.74399105e-02 -6.18813885e-03  1.43696079e-02 -3.69772352e-02
  4.51120362e-02 -8.52626935e-03 -1.58577797e-03  4.32458147e-02
  7.73314387e-02  5.57638183e-02 -5.83316460e-02  5.05623072e-02
  2.44143382e-02  4.81762774e-02 -8.66625905e-02 -4.52341102e-02
 -3.40967476e-02 -3.28869857e-02  4.71449755e-02 -4.83679175e-02
  4.25365679e-02  7.15839714e-02 -4.58953902e-02 -6.47993609e-02
 -1.58092435e-02 -3.90843488e-02 -7.10148215e-02  2.97353212e-02
  5.70779517e-02 -9.79922041e-02 -2.16474105e-02  3.25430185e-02
 -8.14957172e-03  2.58859303e-02  2.82577928e-02  3.70823927e-02
  8.07742253e-02  7.00082108e-02 -9.34615657e-02  8.93241819e-03
 -2.31596045e-02  3.10966447e-02 -6.82150340e-03  5.06272132e-04
 -4.16793860e-03 -6.51601627e-02 -1.42039806e-01  6.91562891e-02]

--- Semantic Similarity ---

Sentence 1: I love learning Python.
Sentence 2: Python programming is interesting to me.
Similarity: 0.8205

Sentence 1: I love learning Python.
Sentence 2: I enjoy studying machine learning.
Similarity: 0.5760

Sentence 1: Python programming is interesting to me.
Sentence 2: I enjoy studying machine learning.
Similarity: 0.5187

Sentence 1: I enjoy studying machine learning.
Sentence 2: Machine learning is an important part of AI.
Similarity: 0.6089

Sentence 1: Artificial intelligence is useful in many fields.
Sentence 2: Machine learning is an important part of AI.
Similarity: 0.7436

Sentence 1: Artificial intelligence is useful in many fields.
Sentence 2: Data analysis helps us find useful information.
Similarity: 0.5132